libsvm_id,document_id
0,7712
1,3160
2,6072
3,1725
4,7507
5,3407
6,3963
7,6857
8,8498
9,4040
10,6897
11,7192
12,4407
13,5194
14,8785
15,389
16,8394
17,3503
18,7019
19,3238
20,6512
21,246
22,5909
23,3096
24,6337
25,3362
26,2465
27,645
28,2223
29,6869
30,3031
31,8587
32,8181
33,7715
34,7099
35,5849
36,7935
37,5026
38,3492
39,3293
40,7628
41,5374
42,1519
43,5650
44,5914
45,8706
46,900
47,108
48,1687
49,1767
50,7635
51,2526
52,2549
53,4729
54,2335
55,442
56,4578
57,5826
58,5391
59,462
60,3621
61,1566
62,1575
63,2980
64,238
65,354
66,3725
67,6054
68,4364
69,8422
70,4069
71,4735
72,7448
73,7311
74,2442
75,5843
76,4934
77,858
78,3136
79,3774
80,351
81,7510
82,6129
83,3408
84,6057
85,5326
86,6392
87,8819
88,6675
89,6126
90,5235
91,3186
92,1449
93,3989
94,5809
95,3853
96,7756
97,2461
98,1695
99,2778
100,3703
101,3206
102,4238
103,2125
104,1694
105,6363
106,341
107,96
108,626
109,5150
110,7036
111,3586
112,1978
113,5464
114,4839
115,7351
116,3645
117,6440
118,3940
119,8005
120,1032
121,4137
122,2138
123,201
124,267
125,4571
126,3944
127,7657
128,6643
129,6262
130,2843
131,8006
132,1626
133,7577
134,910
135,7279
136,161
137,2783
138,3342
139,4737
140,5132
141,4644
142,2465
143,7294
144,2275
145,389
146,8220
147,7243
148,4563
149,863
150,246
151,5194
152,8498
153,645
154,6630
155,659
156,6512
157,8095
158,7507
159,1417
160,7006
161,23
162,6228
163,1779
164,3255
165,1235
166,2056
167,7014
168,2853
169,2295
170,5713
171,2806
172,2154
173,3714
174,6148
175,5428
176,3009
177,7513
178,1375
179,2226
180,6133
181,5538
182,8865
183,4827
184,5298
185,985
186,2345
187,1654
188,8203
189,3181
190,729
191,7194
192,5230
193,5303
194,3090
195,5040
196,6090
197,5652
198,929
199,8089
200,6375
201,1085
202,511
203,1441
204,5261
205,2521
206,7369
207,4337
208,7639
209,8183
210,6679
211,8800
212,1383
213,4198
214,802
215,8563
216,7265
217,4545
218,989
219,8724
220,5396
221,7742
222,2626
223,1006
224,5344
225,8445
226,5116
227,4225
228,4890
229,793
230,3782
231,2713
232,5825
233,928
234,6585
235,4630
236,334
237,8508
238,1588
239,6703
240,287
241,7864
242,7744
243,2752
244,6481
245,8556
246,1073
247,7353
248,2185
249,8511
250,3868
251,7871
252,1323
253,4436
254,6929
255,7140
256,8527
257,3356
258,4937
259,2326
260,4013
261,5057
262,4454
263,1933
264,4787
265,7889
266,7545
267,2668
268,7764
269,1590
270,5780
271,7394
272,3852
273,6455
274,4444
275,2617
276,1042
277,4443
278,3737
279,2945
280,7364
281,5023
282,6033
283,4805
284,3078
285,1649
286,3073
287,3091
288,7778
289,2610
290,5807
291,6038
292,7001
293,6171
294,5163
295,7772
296,1200
297,4391
298,8640
299,5815
300,6681
301,4518
302,3381
303,7253
304,2267
305,7752
306,849
307,6212
308,6317
309,893
310,4968
311,6201
312,8444
313,308
314,7618
315,6366
316,8692
317,7623
318,515
319,1563
320,6268
321,8857
322,6973
323,4403
324,1516
325,8468
326,2725
327,1087
328,2134
329,2475
330,7847
331,5151
332,5879
333,1018
334,960
335,4170
336,4898
337,8674
338,3756
339,1437
340,8206
341,5744
342,1745
343,8448
344,2754
345,6666
346,7224
347,1370
348,7532
349,1841
350,5063
351,7527
352,8239
353,5791
354,3810
355,8212
356,8198
357,6092
358,2882
359,7529
360,5723
361,8502
362,6668
363,3146
364,1955
365,6614
366,5501
367,2910
368,7193
369,6001
370,2144
371,7382
372,4073
373,3467
374,5244
375,7088
376,5209
377,8214
378,2034
379,8515
380,7505
381,2681
382,6376
383,451
384,8524
385,254
386,842
387,7850
388,5146
389,1773
390,7145
391,6459
392,2660
393,2466
394,5680
395,5350
396,5838
397,7214
398,2917
399,3950
400,5400
401,6961
402,3806
403,6727
404,6069
405,2203
406,4683
407,357
408,5699
409,4920
410,4634
411,5412
412,3279
413,958
414,2611
415,6298
416,2860
417,7138
418,423
419,5786
420,4229
421,5553
422,726
423,6471
424,364
425,8520
426,7817
427,7482
428,5765
429,6810
430,8325
431,8656
432,2897
433,8376
434,2507
435,7424
436,6235
437,1836
438,3861
439,5021
440,4149
441,3648
442,651
443,7997
444,7289
445,1470
446,4987
447,5600
448,1729
449,1440
450,8199
451,3291
452,5913
453,6364
454,7020
455,5719
456,4800
457,7416
458,4278
459,5905
460,4314
461,7157
462,1987
463,1256
464,1091
465,7403
466,1201
467,3702
468,1599
469,3249
470,4639
471,8197
472,6017
473,525
474,6439
475,1795
476,5971
477,6117
478,1178
479,4200
480,2424
481,233
482,5300
483,6510
484,8259
485,123
486,3652
487,580
488,6502
489,1821
490,2559
491,7133
492,5070
493,7509
494,1500
495,4709
496,7619
497,2071
498,5656
499,1707
500,4791
501,196
502,2722
503,2166
504,7786
505,8665
506,2463
507,7445
508,527
509,3480
510,1865
511,4733
512,1860
513,2155
514,7185
515,1332
516,146
517,2078
518,7314
519,5218
520,2524
521,6360
522,2667
523,32
524,6265
525,2849
526,6116
527,3721
528,4094
529,3386
530,5958
531,827
532,6744
533,3420
534,835
535,3578
536,4115
537,2926
538,5450
539,4468
540,2005
541,327
542,4378
543,4045
544,2066
545,6627
546,4615
547,8269
548,7493
549,2691
550,3656
551,2995
552,8715
553,8300
554,6639
555,7828
556,1053
557,750
558,921
559,1741
560,2068
561,88
562,5279
563,8544
564,6155
565,6957
566,5810
567,7782
568,5030
569,938
570,2252
571,4264
572,6215
573,5735
574,5658
575,4384
576,6430
577,7901
578,8143
579,1700
580,7100
581,1521
582,7777
583,1228
584,4086
585,1451
586,4160
587,6958
588,1081
589,5512
590,5747
591,6274
592,715
593,8608
594,8441
595,5818
596,3626
597,2163
598,4576
599,685
600,4580
601,4259
602,5615
603,4967
604,2432
605,2987
606,4848
607,6444
608,4402
609,8171
610,5365
611,1139
612,5862
613,5180
614,7758
615,241
616,7252
617,5584
618,3918
619,2387
620,3064
621,1602
622,628
623,8092
624,1265
625,1194
626,386
627,6399
628,6383
629,7350
630,1853
631,6761
632,6800
633,3307
634,7579
635,6428
636,6886
637,6819
638,6565
639,2483
640,5420
641,218
642,1610
643,1035
644,8354
645,7951
646,695
647,5104
648,949
649,7990
650,4274
651,1396
652,2164
653,8101
654,7328
655,1324
656,4163
657,7553
658,2506
659,517
660,7242
661,791
662,5072
663,5674
664,5587
665,1639
666,5438
667,8867
668,3417
669,4984
670,6191
671,2035
672,1711
673,1005
674,693
675,2847
676,5835
677,6367
678,3229
679,3365
680,8268
681,7757
682,7082
683,2086
684,5781
685,5532
686,372
687,4998
688,2970
689,2023
690,1251
691,3552
692,2072
693,5032
694,6756
695,4988
696,6239
697,8097
698,5618
699,5089
700,1854
701,3689
702,4101
703,8234
704,3047
705,6326
706,7795
707,49
708,8801
709,7964
710,1356
711,3707
712,7968
713,2298
714,6823
715,8064
716,445
717,5208
718,806
719,6390
720,5822
721,5683
722,1635
723,714
724,127
725,55
726,2514
727,8475
728,3462
729,1097
730,4071
731,555
732,8390
733,2001
734,3276
735,1696
736,6943
737,7257
738,1467
739,2452
740,7870
741,5982
742,6779
743,509
744,7177
745,611
746,8648
747,6145
748,6435
749,8809
750,8054
751,5034
752,8775
753,7566
754,7955
755,6149
756,2629
757,7981
758,6809
759,4037
760,7264
761,1390
762,1196
763,8010
764,6452
765,3731
766,3894
767,1319
768,5869
769,18
770,8157
771,1845
772,5299
773,6788
774,2505
775,8031
776,6470
777,669
778,7432
779,8124
780,4711
781,2605
782,1154
783,2956
784,282
785,2846
786,3804
787,4373
788,6237
789,5659
790,5243
791,7156
792,2538
793,4323
794,4857
795,2075
796,6795
797,6635
798,5313
799,4813
800,4608
801,8073
802,1455
803,501
804,2931
805,4895
806,3620
807,1011
808,1052
809,6059
810,809
811,7888
812,4768
813,2687
814,1871
815,5398
816,3878
817,2303
818,5092
819,2893
820,4201
821,1774
822,7784
823,4133
824,1541
825,3827
826,5124
827,3253
828,794
829,7285
830,2211
831,682
832,2413
833,1890
834,815
835,8065
836,7722
837,7158
838,2407
839,3698
840,3729
841,8443
842,4210
843,939
844,5850
845,3579
846,3423
847,8778
848,1310
849,7488
850,4538
851,4736
852,684
853,4031
854,8525
855,6591
856,955
857,1724
858,5213
859,1807
860,8082
861,7023
862,2179
863,6711
864,6480
865,2342
866,5307
867,6591
868,3402
869,7849
870,4248
871,5375
872,8607
873,1810
874,206
875,22
876,1837
877,8405
878,6299
879,1791
880,7458
881,7632
882,2353
883,6332
884,6230
885,4379
886,4650
887,3988
888,8546
889,4753
890,1252
891,6075
892,1715
893,1550
894,5309
895,8855
896,1761
897,5368
898,7221
899,6183
900,1260
901,4253
902,2018
903,7926
904,3953
905,3734
906,6982
907,8716
908,7816
909,1546
910,7595
911,7863
912,2903
913,6894
914,6348
915,5060
916,7069
917,5083
918,3211
919,8615
920,2099
921,2813
922,3541
923,13
924,3426
925,3439
926,2469
927,4842
928,6754
929,7277
930,5380
931,3928
932,3139
933,2715
934,8428
935,7255
936,8100
937,7215
938,4797
939,848
940,8282
941,5955
942,1374
943,8659
944,5845
945,7352
946,5830
947,2696
948,7913
949,1320
950,7880
951,6248
952,3735
953,3151
954,1454
955,8663
956,2854
957,3872
958,1597
959,4699
960,417
961,3712
962,2064
963,1624
964,1491
965,785
966,5357
967,799
968,4370
969,5038
970,3302
971,3685
972,2961
973,2479
974,920
975,8684
976,5933
977,1331
978,89
979,21
980,6515
981,953
982,4809
983,4935
984,2490
985,700
986,3203
987,3910
988,431
989,5233
990,7554
991,6598
992,4257
993,5696
994,7994
995,5172
996,1069
997,666
998,3701
999,5113
1000,7522
1001,1577
1002,7631
1003,6095
1004,5679
1005,7063
1006,7486
1007,6874
1008,4232
1009,645
1010,4721
1011,1851
1012,4996
1013,1103
1014,4859
1015,7076
1016,5583
1017,2607
1018,6707
1019,8642
1020,539
1021,244
1022,5141
1023,1412
1024,813
1025,367
1026,7708
1027,5834
1028,6295
1029,4212
1030,4645
1031,3103
1032,2205
1033,336
1034,6851
1035,1920
1036,2026
1037,2422
1038,6098
1039,2869
1040,1212
1041,8387
1042,2981
1043,2152
1044,8658
1045,3650
1046,2200
1047,5170
1048,1463
1049,8636
1050,2587
1051,3217
1052,7720
1053,4097
1054,2719
1055,489
1056,8399
1057,5801
1058,2160
1059,3082
1060,1914
1061,8476
1062,5414
1063,6115
1064,8567
1065,6984
1066,7230
1067,1621
1068,2614
1069,7977
1070,8168
1071,4352
1072,6281
1073,2909
1074,7067
1075,3816
1076,1531
1077,6456
1078,5327
1079,5799
1080,5935
1081,8247
1082,1264
1083,3612
1084,4704
1085,5320
1086,3732
1087,894
1088,2281
1089,3966
1090,8426
1091,3977
1092,762
1093,4313
1094,8244
1095,3354
1096,7084
1097,101
1098,5921
1099,5967
1100,1989
1101,1904
1102,6921
1103,825
1104,5098
1105,6955
1106,7051
1107,6602
1108,820
1109,688
1110,8502
1111,6641
1112,6092
1113,268
1114,6555
1115,8198
1116,2344
1117,1819
1118,7654
1119,1526
1120,3036
1121,7387
1122,3881
1123,5643
1124,7970
1125,7296
1126,8570
1127,7044
1128,7447
1129,4925
1130,5517
1131,3787
1132,1753
1133,7874
1134,3483
1135,2207
1136,3243
1137,5399
1138,2271
1139,736
1140,1298
1141,7620
1142,4472
1143,8084
1144,3773
1145,176
1146,6626
1147,6441
1148,2637
1149,7002
1150,4597
1151,4672
1152,6388
1153,8413
1154,6905
1155,5341
1156,279
1157,8231
1158,2170
1159,2495
1160,6426
1161,7821
1162,3617
1163,4554
1164,1094
1165,3221
1166,934
1167,1564
1168,5137
1169,7248
1170,549
1171,4705
1172,5346
1173,4065
1174,2830
1175,818
1176,7944
1177,348
1178,1843
1179,1685
1180,4283
1181,2703
1182,3765
1183,38
1184,8472
1185,3340
1186,7240
1187,8600
1188,1567
1189,2651
1190,7995
1191,6998
1192,8804
1193,2295
1194,3479
1195,7457
1196,2574
1197,3874
1198,8424
1199,4564
1200,4459
1201,872
1202,4756
1203,8682
1204,486
1205,8288
1206,6064
1207,2309
1208,6986
1209,1138
1210,2056
1211,5133
1212,3135
1213,8328
1214,6457
1215,3692
1216,8673
1217,7014
1218,4187
1219,7312
1220,4946
1221,3202
1222,5472
1223,5417
1224,4231
1225,8457
1226,5480
1227,6000
1228,7603
1229,7984
1230,2013
1231,1752
1232,1776
1233,5931
1234,3557
1235,5108
1236,3673
1237,5012
1238,3796
1239,8225
1240,7616
1241,4776
1242,2349
1243,2148
1244,7820
1245,5614
1246,6168
1247,5957
1248,5708
1249,2150
1250,7269
1251,3158
1252,6014
1253,8843
1254,2685
1255,5178
1256,7728
1257,4307
1258,3603
1259,7460
1260,83
1261,7900
1262,5258
1263,8380
1264,5608
1265,347
1266,7693
1267,7859
1268,4121
1269,1462
1270,6064
1271,2650
1272,2767
1273,2554
1274,4703
1275,8060
1276,3917
1277,3604
1278,5136
1279,1994
1280,7739
1281,4199
1282,6161
1283,4584
1284,676
1285,4983
1286,1641
1287,6576
1288,8403
1289,5965
1290,2383
1291,8027
1292,2593
1293,600
1294,8848
1295,59
1296,7982
1297,332
1298,1682
1299,8031
1300,2998
1301,5120
1302,3287
1303,7735
1304,3205
1305,5709
1306,4382
1307,5454
1308,6928
1309,4138
1310,2738
1311,3355
1312,6374
1313,557
1314,7323
1315,7201
1316,1912
1317,8691
1318,6605
1319,394
1320,3946
1321,754
1322,485
1323,3681
1324,1169
1325,7497
1326,5565
1327,3752
1328,3250
1329,1170
1330,5271
1331,6299
1332,3536
1333,5404
1334,7501
1335,3402
1336,4026
1337,1259
1338,3178
1339,1140
1340,2570
1341,1115
1342,1336
1343,652
1344,5036
1345,8295
1346,8686
1347,3674
1348,2420
1349,7423
1350,2048
1351,575
1352,4650
1353,7910
1354,5596
1355,1698
1356,4478
1357,3165
1358,8820
1359,5145
1360,914
1361,4277
1362,5693
1363,3125
1364,594
1365,8242
1366,1475
1367,2006
1368,7204
1369,3315
1370,8676
1371,6550
1372,8459
1373,6974
1374,1887
1375,8581
1376,5585
1377,1560
1378,8861
1379,6242
1380,6496
1381,4032
1382,620
1383,1341
1384,5475
1385,5725
1386,6737
1387,7761
1388,5492
1389,1727
1390,6425
1391,2470
1392,7637
1393,6009
1394,1361
1395,2137
1396,7208
1397,3475
1398,3705
1399,3105
1400,7857
1401,8433
1402,927
1403,7867
1404,2966
1405,7126
1406,7397
1407,3330
1408,3343
1409,7368
1410,46
1411,454
1412,477
1413,6696
1414,3768
1415,1241
1416,3844
1417,6917
1418,7960
1419,3524
1420,2914
1421,7464
1422,3637
1423,4664
1424,3889
1425,1754
1426,2899
1427,6252
1428,6704
1429,6118
1430,6793
1431,7605
1432,2373
1433,1614
1434,2444
1435,7421
1436,1574
1437,4389
1438,739
1439,5094
1440,4995
1441,2510
1442,4116
1443,8253
1444,3513
1445,3035
1446,50
1447,369
1448,3699
1449,7967
1450,1041
1451,5173
1452,3722
1453,5516
1454,3843
1455,3041
1456,121
1457,5580
1458,3820
1459,1520
1460,7647
1461,7634
1462,2655
1463,8876
1464,2214
1465,2656
1466,1302
1467,3278
1468,8315
1469,3297
1470,3254
1471,6289
1472,4771
1473,3912
1474,5667
1475,1306
1476,2704
1477,6321
1478,8480
1479,8296
1480,7799
1481,2259
1482,7526
1483,3262
1484,4087
1485,6386
1486,215
1487,325
1488,558
1489,1198
1490,6325
1491,193
1492,5348
1493,4211
1494,1391
1495,6624
1496,6674
1497,5296
1498,2803
1499,2224
1500,1133
1501,6240
1502,3772
1503,4120
1504,3566
1505,3522
1506,7071
1507,2213
1508,6403
1509,745
1510,4022
1511,8120
1512,1975
1513,4489
1514,514
1515,635
1516,2358
1517,4500
1518,3543
1519,1586
1520,2128
1521,3856
1522,1152
1523,5334
1524,5551
1525,6552
1526,1976
1527,1010
1528,8308
1529,3627
1530,3973
1531,3267
1532,1962
1533,4276
1534,129
1535,2579
1536,7610
1537,2851
1538,5055
1539,5877
1540,7065
1541,5361
1542,6871
1543,2564
1544,7217
1545,7691
1546,1580
1547,6797
1548,7937
1549,1806
1550,4928
1551,432
1552,3037
1553,756
1554,7199
1555,2010
1556,4570
1557,2763
1558,3840
1559,2550
1560,6916
1561,2950
1562,2730
1563,4024
1564,2106
1565,6339
1566,1505
1567,7268
1568,3499
1569,4271
1570,1255
1571,8228
1572,2369
1573,3935
1574,8022
1575,7660
1576,1229
1577,5435
1578,4527
1579,3801
1580,3560
1581,1717
1582,1957
1583,3445
1584,8742
1585,6802
1586,903
1587,8352
1588,1267
1589,1640
1590,3888
1591,542
1592,3116
1593,3384
1594,800
1595,3223
1596,2918
1597,2889
1598,556
1599,5817
1600,2779
1601,4792
1602,2576
1603,377
1604,6354
1605,7411
1606,7853
1607,4731
1608,8797
1609,1927
1610,2872
1611,2811
1612,4428
1613,6659
1614,7548
1615,3154
1616,1183
1617,6175
1618,4203
1619,8694
1620,992
1621,255
1622,1928
1623,4467
1624,5515
1625,6563
1626,8846
1627,518
1628,1107
1629,8789
1630,6417
1631,1054
1632,8109
1633,7058
1634,2632
1635,4349
1636,6345
1637,7604
1638,4801
1639,5491
1640,770
1641,356
1642,344
1643,2115
1644,8634
1645,4587
1646,5761
1647,1868
1648,4955
1649,4030
1650,2984
1651,3032
1652,2701
1653,6777
1654,3957
1655,4600
1656,2435
1657,8814
1658,917
1659,7679
1660,8020
1661,5569
1662,7339
1663,5259
1664,2357
1665,2644
1666,7333
1667,4673
1668,699
1669,7122
1670,1681
1671,7686
1672,5009
1673,8398
1674,448
1675,3589
1676,6739
1677,1755
1678,2058
1679,4021
1680,5476
1681,4521
1682,7589
1683,5616
1684,3990
1685,1689
1686,7083
1687,1160
1688,1940
1689,1573
1690,7788
1691,3900
1692,7302
1693,2494
1694,4652
1695,1093
1696,7231
1697,6107
1698,7936
1699,5642
1700,7792
1701,2474
1702,2753
1703,8748
1704,5712
1705,2195
1706,8631
1707,6330
1708,4629
1709,3391
1710,4018
1711,2923
1712,7655
1713,3839
1714,7536
1715,5270
1716,2877
1717,3118
1718,5467
1719,2678
1720,6198
1721,6080
1722,7182
1723,284
1724,6688
1725,3965
1726,4387
1727,5752
1728,3075
1729,3769
1730,1206
1731,7940
1732,861
1733,4005
1734,7800
1735,2541
1736,964
1737,4970
1738,5075
1739,7966
1740,2770
1741,5265
1742,716
1743,3079
1744,4410
1745,8521
1746,7344
1747,905
1748,1284
1749,2976
1750,5458
1751,6166
1752,4333
1753,5730
1754,8416
1755,8343
1756,5234
1757,7963
1758,2054
1759,6018
1760,7454
1761,2241
1762,8333
1763,890
1764,6855
1765,5101
1766,2222
1767,1881
1768,6045
1769,2135
1770,7287
1771,8627
1772,6293
1773,5359
1774,5316
1775,5500
1776,1973
1777,1380
1778,119
1779,6878
1780,3309
1781,2919
1782,7200
1783,7223
1784,5622
1785,2688
1786,8680
1787,6842
1788,1263
1789,5892
1790,3649
1791,8836
1792,7924
1793,6448
1794,2908
1795,2308
1796,6814
1797,4052
1798,606
1799,2963
1800,3916
1801,8312
1802,4824
1803,6387
1804,4033
1805,2433
1806,8760
1807,6195
1808,7206
1809,4599
1810,5275
1811,4832
1812,6766
1813,8677
1814,1929
1815,140
1816,1022
1817,1525
1818,8026
1819,2928
1820,997
1821,5864
1822,5635
1823,3256
1824,8182
1825,3984
1826,84
1827,2584
1828,1504
1829,2797
1830,1898
1831,7476
1832,1718
1833,7129
1834,5644
1835,4197
1836,6588
1837,5907
1838,7246
1839,3119
1840,3069
1841,2780
1842,2794
1843,658
1844,2741
1845,4732
1846,3775
1847,4559
1848,3516
1849,1188
1850,410
1851,461
1852,3799
1853,5582
1854,8369
1855,6566
1856,99
1857,7475
1858,892
1859,8594
1860,5737
1861,8130
1862,7340
1863,56
1864,6992
1865,3719
1866,1638
1867,1697
1868,3098
1869,2710
1870,5846
1871,8519
1872,8250
1873,8824
1874,1982
1875,5289
1876,6153
1877,3859
1878,8860
1879,8139
1880,16
1881,5018
1882,5321
1883,5175
1884,8383
1885,7947
1886,7203
1887,5968
1888,2196
1889,380
1890,5394
1891,789
1892,1983
1893,3111
1894,2261
1895,4766
1896,3207
1897,6745
1898,7317
1899,2793
1900,2887
1901,2690
1902,7431
1903,273
1904,683
1905,560
1906,484
1907,8731
1908,8662
1909,4141
1910,1401
1911,8605
1912,1357
1913,7983
1914,8586
1915,8155
1916,4932
1917,2555
1918,5362
1919,434
1920,7861
1921,1074
1922,4997
1923,4706
1924,3182
1925,4366
1926,384
1927,1448
1928,5611
1929,1866
1930,4495
1931,3954
1932,5046
1933,4092
1934,5639
1935,8782
1936,879
1937,7483
1938,7290
1939,8434
1940,1358
1941,1468
1942,5541
1943,6731
1944,34
1945,4638
1946,7273
1947,8293
1948,6275
1949,3239
1950,1858
1951,2366
1952,5202
1953,6716
1954,6021
1955,3038
1956,7633
1957,1227
1958,236
1959,877
1960,4202
1961,6581
1962,3860
1963,4942
1964,8531
1965,7662
1966,362
1967,4118
1968,8669
1969,621
1970,588
1971,3424
1972,5647
1973,7151
1974,6099
1975,8385
1976,5990
1977,503
1978,7666
1979,6345
1980,7697
1981,407
1982,5401
1983,8128
1984,7491
1985,8596
1986,8248
1987,3131
1988,352
1989,6341
1990,4804
1991,5901
1992,5645
1993,2516
1994,2848
1995,6034
1996,6854
1997,8528
1998,7404
1999,2638
2000,8115
2001,6845
2002,8129
2003,7980
2004,6979
2005,7254
2006,8784
2007,1556
2008,5496
2009,8780
2010,2720
2011,1294
2012,8552
2013,5819
2014,7825
2015,5126
2016,1428
2017,3532
2018,4408
2019,3788
2020,3896
2021,3755
2022,537
2023,159
2024,5514
2025,873
2026,6179
2027,69
2028,3438
2029,5486
2030,3720
2031,6983
2032,3638
2033,8813
2034,2724
2035,5707
2036,4157
2037,8036
2038,8620
2039,3660
2040,3943
2041,2398
2042,5779
2043,5352
2044,4886
2045,8437
2046,7499
2047,2079
2048,6775
2049,6389
2050,455
2051,8847
2052,1652
2053,4510
2054,3502
2055,8626
2056,3199
2057,5257
2058,6789
2059,5017
2060,3470
2061,1895
2062,5579
2063,1680
2064,7076
2065,3530
2066,167
2067,2713
2068,6609
2069,371
2070,1708
2071,5384
2072,1275
2073,310
2074,3791
2075,8273
2076,5896
2077,2985
2078,5184
2079,8313
2080,5520
2081,1158
2082,4725
2083,4284
2084,4520
2085,2049
2086,6952
2087,8576
2088,6539
2089,257
2090,4806
2091,182
2092,420
2093,2827
2094,3325
2095,109
2096,6567
2097,3691
2098,5575
2099,5675
2100,4730
2101,7147
2102,211
2103,6525
2104,3373
2105,7040
2106,4476
2107,7694
2108,6526
2109,4325
2110,1159
2111,2118
2112,778
2113,4602
2114,4779
2115,2992
2116,8218
2117,4422
2118,8729
2119,4455
2120,8348
2121,3149
2122,320
2123,4900
2124,5929
2125,6068
2126,7979
2127,4655
2128,8670
2129,8588
2130,8767
2131,1283
2132,5481
2133,4245
2134,2744
2135,4003
2136,4547
2137,8080
2138,1660
2139,3807
2140,3885
2141,1335
2142,4321
2143,812
2144,6991
2145,6829
2146,5273
2147,7109
2148,5047
2149,4305
2150,4300
2151,7696
2152,7212
2153,1430
2154,3942
2155,4566
2156,8701
2157,5129
2158,7932
2159,6377
2160,8699
2161,8423
2162,5966
2163,4432
2164,8702
2165,4072
2166,5039
2167,7361
2168,2604
2169,3994
2170,8340
2171,6551
2172,6853
2173,2231
2174,2870
2175,506
2176,1151
2177,1289
2178,8402
2179,8393
2180,7724
2181,5432
2182,2188
2183,5857
2184,2400
2185,4011
2186,453
2187,6972
2188,4546
2189,5840
2190,2402
2191,160
2192,6607
2193,1665
2194,3209
2195,5000
2196,1948
2197,1508
2198,8116
2199,3993
2200,144
2201,6259
2202,4788
2203,3027
2204,2487
2205,4631
2206,3915
2207,4878
2208,4596
2209,1328
2210,5823
2211,3643
2212,5324
2213,289
2214,8683
2215,838
2216,8223
2217,3600
2218,2829
2219,5426
2220,496
2221,4694
2222,1965
2223,4470
2224,1208
2225,2598
2226,7219
2227,7503
2228,6773
2229,2925
2230,3903
2231,4922
2232,1584
2233,829
2234,5390
2235,6207
2236,708
2237,7887
2238,277
2239,2800
2240,6990
2241,7371
2242,2578
2243,7943
2244,7743
2245,737
2246,4282
2247,3123
2248,6532
2249,2501
2250,5824
2251,3565
2252,86
2253,4360
2254,7954
2255,3469
2256,1493
2257,5543
2258,939
2259,1732
2260,4979
2261,1969
2262,43
2263,1168
2264,3740
2265,661
2266,210
2267,6910
2268,3677
2269,1134
2270,7134
2271,4632
2272,6746
2273,7898
2274,5706
2275,4558
2276,711
2277,7413
2278,3682
2279,674
2280,4060
2281,5052
2282,3157
2283,3177
2284,6170
2285,2886
2286,6462
2287,6913
2288,4362
2289,317
2290,8637
2291,3462
2292,1048
2293,930
2294,3152
2295,1224
2296,8307
2297,7776
2298,7468
2299,8096
2300,2661
2301,3657
2302,6591
2303,6971
2304,555
2305,1119
2306,97
2307,768
2308,1114
2309,2057
2310,5176
2311,3599
2312,2217
2313,3350
2314,2048
2315,5227
2316,3259
2317,6305
2318,8401
2319,1792
2320,1704
2321,4078
2322,4879
2323,1891
2324,4464
2325,1913
2326,2284
2327,3877
2328,8298
2329,6482
2330,1180
2331,7018
2332,2492
2333,6573
2334,4053
2335,1517
2336,957
2337,3397
2338,6887
2339,7125
2340,2951
2341,7487
2342,8099
2343,5568
2344,7796
2345,216
2346,8695
2347,199
2348,4517
2349,3550
2350,7780
2351,1049
2352,1314
2353,6196
2354,8647
2355,5056
2356,3418
2357,8442
2358,7117
2359,5529
2360,5999
2361,6222
2362,7179
2363,644
2364,2543
2365,4359
2366,1935
2367,3828
2368,5041
2369,1142
2370,8140
2371,3286
2372,6544
2373,847
2374,5333
2375,6261
2376,3375
2377,8840
2378,2788
2379,1354
2380,6896
2381,2340
2382,3170
2383,5593
2384,1662
2385,2500
2386,1202
2387,7862
2388,491
2389,6042
2390,533
2391,7717
2392,3675
2393,1744
2394,4416
2395,415
2396,3236
2397,1034
2398,2561
2399,6692
2400,3289
2401,7612
2402,7974
2403,657
2404,8285
2405,3246
2406,1226
2407,6278
2408,3812
2409,3781
2410,8463
2411,544
2412,7115
2413,5111
2414,2946
2415,2784
2416,7808
2417,2892
2418,5884
2419,8522
2420,947
2421,1469
2422,1338
2423,6128
2424,2455
2425,3517
2426,3244
2427,3562
2428,6132
2429,7908
2430,234
2431,5231
2432,4728
2433,3678
2434,28
2435,3280
2436,2339
2437,2265
2438,6956
2439,6600
2440,8107
2441,1023
2442,4162
2443,603
2444,6503
2445,5377
2446,970
2447,837
2448,8370
2449,4501
2450,8713
2451,3237
2452,8113
2453,2038
2454,6488
2455,8051
2456,8066
2457,1047
2458,4099
2459,7519
2460,7297
2461,7534
2462,1407
2463,5734
2464,5393
2465,8773
2466,6190
2467,8509
2468,3281
2469,3718
2470,6066
2471,5897
2472,3005
2473,8536
2474,6315
2475,220
2476,2240
2477,3224
2478,8421
2479,8666
2480,3821
2481,617
2482,6296
2483,2711
2484,5007
2485,5757
2486,5742
2487,2197
2488,1296
2489,1628
2490,4414
2491,3580
2492,2342
2493,6480
2494,6591
2495,2532
2496,1633
2497,52
2498,6270
2499,5589
2500,7103
2501,1329
2502,5899
2503,3179
2504,3849
2505,3647
2506,4626
2507,4650
2508,6036
2509,4680
2510,8871
2511,3003
2512,3454
2513,7005
2514,3654
2515,6332
2516,3561
2517,6877
2518,5345
2519,4374
2520,6647
2521,978
2522,5371
2523,5772
2524,7783
2525,117
2526,4107
2527,5264
2528,3523
2529,6728
2530,1253
2531,860
2532,3813
2533,2585
2534,3679
2535,5690
2536,7282
2537,5498
2538,3764
2539,1663
2540,6987
2541,8194
2542,6474
2543,8719
2544,4526
2545,8671
2546,4224
2547,4007
2548,7375
2549,5370
2550,2824
2551,3168
2552,1271
2553,834
2554,3895
2555,977
2556,5766
2557,8146
2558,6380
2559,6977
2560,6923
2561,4249
2562,4811
2563,6693
2564,816
2565,2278
2566,8720
2567,2913
2568,4208
2569,8753
2570,4055
2571,1024
2572,4365
2573,6646
2574,8870
2575,4596
2576,5260
2577,1886
2578,4885
2579,6919
2580,1343
2581,5463
2582,667
2583,550
2584,6032
2585,7839
2586,397
2587,4473
2588,6108
2589,8363
2590,1498
2591,8564
2592,7790
2593,3584
2594,1110
2595,7594
2596,2723
2597,290
2598,1350
2599,876
2600,8131
2601,4154
2602,3563
2603,4441
2604,3441
2605,4047
2606,3001
2607,82
2608,1642
2609,6427
2610,2312
2611,6933
2612,247
2613,5867
2614,2186
2615,6700
2616,8503
2617,1106
2618,7650
2619,7329
2620,7135
2621,5465
2622,4688
2623,5033
2624,418
2625,6368
2626,2679
2627,4860
2628,61
2629,381
2630,2364
2631,8834
2632,4838
2633,7405
2634,6792
2635,3865
2636,3841
2637,913
2638,2090
2639,6125
2640,5378
2641,1645
2642,3063
2643,6750
2644,3622
2645,2695
2646,6533
2647,475
2648,6616
2649,2417
2650,7767
2651,4939
2652,426
2653,2994
2654,1486
2655,1318
2656,7803
2657,223
2658,4152
2659,663
2660,3416
2661,2081
2662,3233
2663,3421
2664,8478
2665,7438
2666,8623
2667,4312
2668,8046
2669,1377
2670,3351
2671,3004
2672,2901
2673,1934
2674,7330
2675,8213
2676,3708
2677,5789
2678,5468
2679,7891
2680,6442
2681,5107
2682,1735
2683,4237
2684,8395
2685,5731
2686,4310
2687,5274
2688,3025
2689,1616
2690,6791
2691,3044
2692,4803
2693,924
2694,8551
2695,3900
2696,786
2697,912
2698,6509
2699,7178
2700,2837
2701,6665
2702,7159
2703,4302
2704,6211
2705,4204
2706,775
2707,6898
2708,4671
2709,1056
2710,2802
2711,1111
2712,866
2713,5841
2714,7718
2715,6159
2716,7317
2717,2381
2718,7190
2719,6165
2720,7101
2721,4308
2722,4462
2723,1864
2724,6582
2725,3481
2726,5876
2727,7956
2728,7972
2729,751
2730,300
2731,3639
2732,274
2733,6396
2734,6590
2735,8074
2736,7883
2737,2025
2738,299
2739,154
2740,7373
2741,3956
2742,7514
2743,4206
2744,8334
2745,5114
2746,1594
2747,3352
2748,2682
2749,4750
2750,2253
2751,6850
2752,3845
2753,165
2754,487
2755,1325
2756,5777
2757,5588
2758,8765
2759,725
2760,4875
2761,3317
2762,4617
2763,7504
2764,7414
2765,1561
2766,8470
2767,7688
2768,3109
2769,7015
2770,2693
2771,316
2772,1917
2773,8079
2774,4610
2775,4334
2776,1405
2777,6787
2778,824
2779,5405
2780,6699
2781,1147
2782,252
2783,5242
2784,4579
2785,6770
2786,3313
2787,1371
2788,4971
2789,5540
2790,5748
2791,4291
2792,2476
2793,6628
2794,4773
2795,5816
2796,6906
2797,6538
2798,535
2799,5991
2800,5530
2801,370
2802,776
2803,7914
2804,3766
2805,3686
2806,4375
2807,995
2808,5186
2809,4177
2810,4512
2811,7684
2812,3776
2813,8105
2814,1481
2815,6271
2816,3605
2817,3671
2818,3529
2819,5874
2820,6324
2821,8822
2822,1805
2823,1345
2824,2356
2825,8712
2826,4353
2827,7322
2828,1981
2829,3527
2830,3711
2831,1783
2832,6705
2833,8061
2834,5534
2835,5785
2836,1946
2837,5203
2838,2183
2839,899
2840,2523
2841,3266
2842,8338
2843,1128
2844,7477
2845,3723
2846,1772
2847,6580
2848,1676
2849,1452
2850,3095
2851,3554
2852,107
2853,6507
2854,601
2855,2733
2856,2431
2857,7706
2858,1064
2859,4999
2860,8266
2861,3897
2862,7195
2863,4714
2864,5924
2865,333
2866,1598
2867,6812
2868,4828
2869,2386
2870,5609
2871,1798
2872,884
2873,5148
2874,4760
2875,5315
2876,3777
2877,6420
2878,8187
2879,722
2880,2798
2881,8590
2882,7383
2883,378
2884,526
2885,3959
2886,4929
2887,294
2888,7250
2889,8484
2890,1932
2891,5850
2892,6276
2893,8262
2894,6476
2895,7498
2896,4837
2897,6007
2898,1119
2899,8425
2900,1807
2901,2290
2902,206
2903,3259
2904,8242
2905,8577
2906,3992
2907,6299
2908,2243
2909,1552
2910,78
2911,1891
2912,7849
2913,8401
2914,2217
2915,3793
2916,75
2917,1688
2918,3451
2919,3093
2920,3086
2921,3193
2922,7262
2923,5166
2924,8230
2925,6657
2926,7626
2927,1442
2928,7836
2929,6730
2930,7958
2931,4404
2932,4525
2933,5016
2934,3294
2935,473
2936,3155
2937,7902
2938,6475
2939,4338
2940,4814
2941,6119
2942,923
2943,49
2944,4686
2945,861
2946,3323
2947,961
2948,7057
2949,3707
2950,5603
2951,5950
2952,7466
2953,6528
2954,3582
2955,5473
2956,2376
2957,7228
2958,1120
2959,4618
2960,4174
2961,260
2962,4868
2963,3961
2964,5335
2965,8850
2966,5717
2967,90
2968,1523
2969,2560
2970,7524
2971,6718
2972,1991
2973,5711
2974,2458
2975,1176
2976,4388
2977,4674
2978,1243
2979,4941
2980,7374
2981,85
2982,7153
2983,2288
2984,4710
2985,1471
2986,2764
2987,8732
2988,5065
2989,6798
2990,2676
2991,2112
2992,7381
2993,8562
2994,7930
2995,6736
2996,2083
2997,4105
2998,1884
2999,5249
3000,8149
3001,1369
3002,1474
3003,6081
3004,5800
3005,1664
3006,5050
3007,3374
3008,4258
3009,3960
3010,3431
3011,5167
3012,8492
3013,4398
3014,305
3015,742
3016,1916
3017,2136
3018,731
3019,2098
3020,6694
3021,7582
3022,296
3023,8069
3024,8758
3025,3274
3026,4309
3027,5097
3028,340
3029,6174
3030,2991
3031,3822
3032,6901
3033,1646
3034,4186
3035,6292
3036,3288
3037,5891
3038,171
3039,2238
3040,573
3041,6922
3042,6519
3043,3396
3044,5701
3045,7092
3046,3739
3047,4743
3048,6860
3049,4286
3050,4419
3051,3474
3052,6097
3053,379
3054,6821
3055,871
3056,631
3057,687
3058,8000
3059,5673
3060,2346
3061,1591
3062,2322
3063,7564
3064,1435
3065,6942
3066,1738
3067,8001
3068,2968
3069,5695
3070,3134
3071,3683
3072,474
3073,6350
3074,6322
3075,6178
3076,6572
3077,1157
3078,4020
3079,8241
3080,2403
3081,2379
3082,3855
3083,1488
3084,4156
3085,7998
3086,1387
3087,8569
3088,3094
3089,3346
3090,5317
3091,2292
3092,2861
3093,286
3094,7395
3095,4532
3096,4427
3097,4219
3098,5140
3099,8597
3100,242
3101,3625
3102,1797
3103,7707
3104,1308
3105,7225
3106,7305
3107,8045
3108,7249
3109,1501
3110,6597
3111,4605
3112,3213
3113,5332
3114,2493
3115,6037
3116,3198
3117,110
3118,4789
3119,8121
3120,2095
3121,7740
3122,6997
3123,6695
3124,2528
3125,8284
3126,7059
3127,8849
3128,173
3129,2649
3130,7003
3131,5770
3132,2443
3133,4209
3134,2080
3135,1808
3136,5436
3137,8240
3138,4954
3139,4687
3140,3642
3141,3282
3142,7806
3143,1678
3144,2184
3145,8518
3146,7106
3147,7196
3148,1908
3149,5200
3150,6685
3151,3406
3152,2273
3153,3510
3154,1930
3155,2173
3156,6623
3157,4028
3158,177
3159,2011
3160,7941
3161,5442
3162,2262
3163,4758
3164,4051
3165,8501
3166,2459
3167,68
3168,919
3169,6610
3170,1351
3171,3088
3172,3228
3173,8707
3174,5387
3175,1568
3176,2103
3177,5121
3178,8245
3179,4821
3180,2547
3181,391
3182,6760
3183,3112
3184,6010
3185,111
3186,1608
3187,3429
3188,8512
3189,8126
3190,4700
3191,6824
3192,2050
3193,2392
3194,7256
3195,3066
3196,819
3197,4146
3198,2930
3199,265
3200,5177
3201,2515
3202,6636
3203,2986
3204,7729
3205,7343
3206,30
3207,4461
3208,2997
3209,2562
3210,6652
3211,1612
3212,3493
3213,6283
3214,5571
3215,309
3216,3929
3217,3338
3218,1379
3219,1627
3220,6013
3221,2627
3222,7546
3223,7838
3224,4482
3225,760
3226,5938
3227,8668
3228,4306
3229,3507
3230,1060
3231,4057
3232,6110
3233,865
3234,4874
3235,4463
3236,3097
3237,1459
3238,7603
3239,2748
3240,6053
3241,2732
3242,2790
3243,6418
3244,5119
3245,7731
3246,1630
3247,5722
3248,4759
3249,5354
3250,976
3251,1911
3252,6911
3253,4911
3254,6085
3255,7661
3256,3726
3257,7357
3258,1363
3259,2481
3260,2131
3261,4254
3262,2202
3263,1585
3264,4829
3265,7342
3266,3285
3267,4647
3268,1477
3269,6825
3270,7181
3271,8831
3272,2922
3273,8176
3274,6304
3275,5641
3276,3463
3277,5253
3278,5795
3279,3080
3280,2220
3281,1305
3282,6899
3283,7420
3284,1796
3285,5598
3286,1352
3287,5885
3288,2891
3289,7746
3290,8032
3291,6858
3292,3798
3293,6833
3294,5162
3295,3975
3296,1555
3297,8532
3298,5669
3299,1409
3300,5338
3301,3410
3302,5125
3303,3013
3304,3175
3305,4752
3306,2557
3307,999
3308,7017
3309,933
3310,7437
3311,8136
3312,704
3313,1497
3314,4770
3315,2973
3316,2338
3317,1511
3318,6294
3319,7338
3320,3629
3321,6742
3322,2672
3323,6653
3324,6431
3325,4347
3326,2428
3327,998
3328,5803
3329,479
3330,7869
3331,2032
3332,1693
3333,3551
3334,8535
3335,2230
3336,523
3337,7769
3338,7822
3339,3382
3340,5988
3341,2256
3342,4823
3343,7428
3344,7137
3345,8406
3346,3564
3347,5358
3348,1044
3349,2097
3350,7209
3351,8085
3352,6060
3353,3498
3354,5619
3355,7949
3356,5471
3357,1961
3358,730
3359,1065
3360,8790
3361,3998
3362,6914
3363,6560
3364,7749
3365,5159
3366,4016
3367,5312
3368,2702
3369,6889
3370,4742
3371,1547
3372,3632
3373,8432
3374,5212
3375,2497
3376,1301
3377,1445
3378,2556
3379,2676
3380,4350
3381,3190
3382,8267
3383,5409
3384,3060
3385,8697
3386,4450
3387,1039
3388,4340
3389,1484
3390,1187
3391,7244
3392,6447
3393,1786
3394,187
3395,3864
3396,3941
3397,755
3398,472
3399,5617
3400,3616
3401,7170
3402,2472
3403,5837
3404,6382
3405,6785
3406,3272
3407,5689
3408,6719
3409,1980
3410,4870
3411,5912
3412,5155
3413,6561
3414,413
3415,7785
3416,765
3417,3836
3418,3508
3419,4906
3420,944
3421,8278
3422,7346
3423,6577
3424,3471
3425,7567
3426,1889
3427,8817
3428,7489
3429,7689
3430,7274
3431,2430
3432,1190
3433,1244
3434,2580
3435,2260
3436,1031
3437,3658
3438,1764
3439,3377
3440,5343
3441,8172
3442,5663
3443,1400
3444,1667
3445,197
3446,3526
3447,8705
3448,6206
3449,5135
3450,5524
3451,5510
3452,5853
3453,6030
3454,7440
3455,8349
3456,4054
3457,2706
3458,404
3459,5183
3460,6893
3461,8825
3462,153
3463,2291
3464,2251
3465,4905
3466,4738
3467,2162
3468,4567
3469,3688
3470,3602
3471,8211
3472,1129
3473,7494
3474,8117
3475,3623
3476,2863
3477,4001
3478,8202
3479,2953
3480,2531
3481,7881
3482,4434
3483,2544
3484,1891
3485,3654
3486,1874
3487,6100
3488,1837
3489,772
3490,7520
3491,7692
3492,5888
3493,7456
3494,1071
3495,4188
3496,4483
3497,1932
3498,5589
3499,5225
3500,5934
3501,6534
3502,5769
3503,2113
3504,39
3505,5282
3506,5960
3507,2943
3508,6505
3509,867
3510,1119
3511,7498
3512,7204
3513,5307
3514,8368
3515,4031
3516,1672
3517,2480
3518,5951
3519,3423
3520,2342
3521,7367
3522,684
3523,7781
3524,5899
3525,6036
3526,3580
3527,6480
3528,8063
3529,7646
3530,1238
3531,7763
3532,3454
3533,4626
3534,6591
3535,8681
3536,939
3537,416
3538,3460
3539,8607
3540,1310
3541,4680
3542,2602
3543,1800
3544,8430
3545,7488
3546,1221
3547,1619
3548,6193
3549,1954
3550,7303
3551,5010
3552,6476
3553,5522
3554,52
3555,7578
3556,8871
3557,5654
3558,4379
3559,2960
3560,3003
3561,4755
3562,3891
3563,1746
3564,2161
3565,8102
3566,5375
3567,1431
3568,1724
3569,7103
3570,7849
3571,2304
3572,2717
3573,609
3574,2179
3575,7391
3576,7155
3577,1329
3578,3179
3579,6074
3580,610
3581,3599
3582,471
3583,2929
3584,3227
3585,8160
3586,1507
3587,5143
3588,5565
3589,239
3590,2888
3591,1067
3592,2353
3593,3142
3594,1831
3595,1623
3596,6312
3597,5850
3598,3394
3599,914
3600,7615
3601,8525
3602,2067
3603,1633
3604,7676
3605,4889
3606,4304
3607,2540
3608,3248
3609,7458
3610,2114
3611,7191
3612,6939
3613,3849
3614,2845
3615,2532
3616,5519
3617,3667
3618,1114
3619,8030
3620,2462
3621,3561
3622,406
3623,72
3624,853
3625,551
3626,2014
3627,6332
3628,3752
3629,8044
3630,4767
3631,1557
3632,3647
3633,7965
3634,2414
3635,4355
3636,6163
3637,4762
3638,7074
3639,5860
3640,6508
3641,870
3642,1558
3643,1532
3644,1833
3645,251
3646,1214
3647,1058
3648,4372
3649,5273
3650,5983
3651,8264
3652,8386
3653,3909
3654,7286
3655,2674
3656,3140
3657,2852
3658,5447
3659,7596
3660,6601
3661,2041
3662,2330
3663,2002
3664,5103
3665,1950
3666,6310
3667,7150
3668,6070
3669,1893
3670,7308
3671,6369
3672,2615
3673,3012
3674,5214
3675,3367
3676,4727
3677,4966
3678,3588
3679,5586
3680,5858
3681,6650
3682,5793
3683,4572
3684,8807
3685,1269
3686,410
3687,616
3688,554
3689,2575
3690,8545
3691,4826
3692,8723
3693,7807
3694,8015
3695,6902
3696,227
3697,7571
3698,2225
3699,5290
3700,1131
3701,1966
3702,6184
3703,2624
3704,1968
3705,6461
3706,3284
3707,2834
3708,248
3709,6120
3710,5410
3711,2467
3712,1719
3713,1149
3714,8777
3715,8088
3716,5787
3717,6548
3718,5940
3719,5318
3720,4611
3721,3575
3722,8798
3723,6680
3724,8276
3725,3461
3726,2729
3727,2865
3728,4348
3729,8728
3730,113
3731,4537
3732,2875
3733,3161
3734,2019
3735,5964
3736,6006
3737,7865
3738,7068
3739,1083
3740,1740
3741,5794
3742,5997
3743,3458
3744,3597
3745,1679
3746,7549
3747,3164
3748,1366
3749,1406
3750,6608
3751,6143
3752,798
3753,8641
3754,7418
3755,757
3756,7009
3757,433
3758,8499
3759,6250
3760,8270
3761,2316
3762,128
3763,2192
3764,5123
3765,4430
3766,4619
3767,7644
3768,2774
3769,1487
3770,3537
3771,2453
3772,6177
3773,8868
3774,8841
3775,1951
3776,3598
3777,4624
3778,4530
3779,2239
3780,3669
3781,7080
3782,3218
3783,1108
3784,3014
3785,3635
3786,6861
3787,2311
3788,8493
3789,1337
3790,6557
3791,4424
3792,896
3793,4044
3794,189
3795,3792
3796,6103
3797,2578
3798,8209
3799,737
3800,7442
3801,6028
3802,5637
3803,8734
3804,395
3805,5210
3806,7907
3807,158
3808,210
3809,2932
3810,5293
3811,8024
3812,250
3813,1587
3814,1019
3815,8307
3816,4431
3817,1248
3818,1814
3819,5977
3820,3179
3821,8583
3822,8637
3823,3891
3824,2937
3825,5331
3826,3348
3827,5421
3828,297
3829,5462
3830,6662
3831,5269
3832,5653
3833,6892
3834,4553
3835,5854
3836,4015
3837,4972
3838,5082
3839,3368
3840,4343
3841,7363
3842,5547
3843,5974
3844,3487
3845,6134
3846,7667
3847,5560
3848,6554
3849,4795
3850,6251
3851,100
3852,245
3853,5469
3854,5788
3855,5226
3856,8875
3857,8286
3858,3016
3859,2165
3860,5623
3861,3771
3862,1883
3863,1492
3864,8538
3865,4603
3866,1020
3867,5292
3868,5211
3869,4255
3870,8802
3871,2684
3872,4822
3873,5043
3874,5821
3875,719
3876,1589
3877,6530
3878,6936
3879,1945
3880,8672
3881,8038
3882,80
3883,3347
3884,6985
3885,1801
3886,8207
3887,1095
3888,304
3889,3808
3890,5756
3891,8632
3892,7495
3893,8876
3894,7113
3895,720
3896,5758
3897,2254
3898,2938
3899,2426
3900,2380
3901,4151
3902,901
3903,3169
3904,3937
3905,1941
3906,2246
3907,4216
3908,409
3909,8574
3910,2675
3911,8261
3912,2280
3913,6778
3914,6617
3915,7111
3916,804
3917,2786
3918,3987
3919,5157
3920,65
3921,3892
3922,2664
3923,1291
3924,4985
3925,2697
3926,42
3927,561
3928,8210
3929,3412
3930,8794
3931,1651
3932,1099
3933,8350
3934,3113
3935,5441
3936,2029
3937,2250
3938,670
3939,6495
3940,5105
3941,5429
3942,1485
3943,3921
3944,4196
3945,4368
3946,724
3947,5506
3948,1515
3949,298
3950,1112
3951,1723
3952,6808
3953,3292
3954,7360
3955,1230
3956,8853
3957,5597
3958,4662
3959,6400
3960,6553
3961,6517
3962,353
3963,3489
3964,2351
3965,2809
3966,5323
3967,4964
3968,3628
3969,5956
3970,7903
3971,8351
3972,6545
3973,1637
3974,3971
3975,3809
3976,8263
3977,592
3978,8464
3979,1434
3980,8462
3981,7598
3982,3640
3983,5959
3984,1974
3985,5753
3986,3087
3987,2898
3988,6796
3989,6173
3990,8624
3991,8427
3992,3326
3993,906
3994,7617
3995,733
3996,4502
3997,2418
3998,7942
3999,5572
4000,3335
4001,4319
4002,2108
4003,3871
4004,7202
4005,1684
4006,753
4007,3534
4008,662
4009,4451
4010,627
4011,2563
4012,6424
4013,5778
4014,5662
4015,2546
4016,8610
4017,4354
4018,3008
4019,2890
4020,8507
4021,6247
4022,8852
4023,7710
4024,2167
4025,3329
4026,6357
4027,8127
4028,6542
4029,3077
4030,3653
4031,6094
4032,8179
4033,7747
4034,4918
4035,4083
4036,8548
4037,2146
4038,582
4039,7543
4040,5347
4041,5444
4042,5305
4043,2143
4044,5460
4045,2871
4046,1618
4047,4990
4048,6187
4049,6347
4050,230
4051,7144
4052,8657
4053,8489
4054,6398
4055,7401
4056,7436
4057,5256
4058,8151
4059,1496
4060,6290
4061,6303
4062,8224
4063,1937
4064,7511
4065,5059
4066,4866
4067,2485
4068,1844
4069,7278
4070,2567
4071,8764
4072,732
4073,6356
4074,2662
4075,463
4076,6264
4077,7873
4078,2101
4079,5448
4080,4679
4081,7227
4082,752
4083,5539
4084,3084
4085,195
4086,7226
4087,1996
4088,5554
4089,6828
4090,1534
4091,8226
4092,2583
4093,8749
4094,5591
4095,1062
4096,8557
4097,3618
4098,4492
4099,3893
4100,4550
4101,8435
4102,2421
4103,3076
4104,2120
4105,7021
4106,6015
4107,5142
4108,6438
4109,125
4110,625
4111,2073
4112,2868
4113,5792
4114,596
4115,2314
4116,1823
4117,6978
4118,2751
4119,7890
4120,361
4121,7904
4122,2633
4123,7335
4124,3927
4125,3143
4126,3072
4127,3592
4128,583
4129,6406
4130,5407
4131,8639
4132,1919
4133,2082
4134,5091
4135,1794
4136,4669
4137,2279
4138,1559
4139,5832
4140,8876
4141,4936
4142,2302
4143,1985
4144,5714
4145,7893
4146,2289
4147,4916
4148,3200
4149,2268
4150,6121
4151,3472
4152,843
4153,2122
4154,777
4155,7668
4156,6806
4157,4385
4158,5604
4159,2100
4160,6804
4161,4269
4162,3835
4163,1008
4164,3226
4165,105
4166,5031
4167,4332
4168,5430
4169,1372
4170,3133
4171,1785
4172,2591
4173,6673
4174,6446
4175,192
4176,437
4177,5207
4178,7042
4179,6931
4180,7813
4181,77
4182,5578
4183,5509
4184,1838
4185,8178
4186,7073
4187,7766
4188,8323
4189,5254
4190,5206
4191,6327
4192,5581
4193,2416
4194,2904
4195,6518
4196,7552
4197,2172
4198,2263
4199,4481
4200,2258
4201,4696
4202,6836
4203,4145
4204,7186
4205,565
4206,7298
4207,4494
4208,2396
4209,7801
4210,7468
4211,2415
4212,3276
4213,3462
4214,981
4215,6913
4216,5272
4217,104
4218,3982
4219,2999
4220,11
4221,63
4222,6655
4223,7933
4224,5276
4225,3873
4226,2235
4227,930
4228,1123
4229,7928
4230,555
4231,122
4232,1584
4233,5630
4234,55
4235,8693
4236,6532
4237,6039
4238,7978
4239,2680
4240,2537
4241,4071
4242,630
4243,6353
4244,632
4245,2153
4246,8633
4247,7636
4248,2293
4249,4285
4250,6587
4251,1096
4252,7081
4253,5250
4254,8473
4255,709
4256,980
4257,4666
4258,8516
4259,6393
4260,7774
4261,4636
4262,522
4263,8123
4264,541
4265,4561
4266,7327
4267,7041
4268,2586
4269,7827
4270,4125
4271,7013
4272,1365
4273,3962
4274,2182
4275,1026
4276,6618
4277,6192
4278,8643
4279,7098
4280,1683
4281,567
4282,4897
4283,4490
4284,4413
4285,6225
4286,8803
4287,2196
4288,6114
4289,8287
4290,54
4291,4692
4292,1726
4293,3778
4294,7033
4295,2503
4296,3634
4297,1232
4298,2089
4299,6379
4300,8252
4301,383
4302,1258
4303,2622
4304,5505
4305,313
4306,2595
4307,8650
4308,1583
4309,5536
4310,8740
4311,6930
4312,2707
4313,5570
4314,3425
4315,6338
4316,3428
4317,4289
4318,703
4319,5198
4320,7638
4321,8408
4322,8014
4323,5025
4324,3341
4325,8559
4326,2864
4327,6682
4328,1931
4329,8412
4330,1378
4331,2191
4332,4027
4333,7835
4334,5415
4335,797
4336,4769
4337,478
4338,345
4339,1593
4340,1514
4341,5973
4342,4139
4343,1675
4344,2126
4345,2190
4346,4240
4347,2504
4348,5721
4349,4790
4350,5949
4351,7091
4352,8056
4353,1426
4354,385
4355,2070
4356,2232
4357,7841
4358,6520
4359,4719
4360,4950
4361,6658
4362,7205
4363,7973
4364,7451
4365,607
4366,7961
4367,5727
4368,66
4369,7056
4370,8087
4371,5397
4372,7022
4373,8169
4374,1218
4375,7745
4376,1014
4377,2323
4378,4039
4379,4218
4380,3235
4381,48
4382,6218
4383,6541
4384,7561
4385,5411
4386,2750
4387,6849
4388,2726
4389,52
4390,3179
4391,3752
4392,7834
4393,8526
4394,5693
4395,6332
4396,3580
4397,2114
4398,6591
4399,853
4400,6036
4401,8871
4402,2532
4403,652
4404,5307
4405,1460
4406,911
4407,1733
4408,7565
4409,5775
4410,2299
4411,1046
4412,3111
4413,8776
4414,1207
4415,3745
4416,2665
4417,7675
4418,5351
4419,4663
4420,2906
4421,6445
4422,3304
4423,766
4424,3661
4425,1473
4426,2449
4427,3898
4428,1234
4429,1089
4430,1706
4431,3830
4432,2942
4433,20
4434,1658
4435,3549
4436,7845
4437,5953
4438,5394
4439,5080
4440,5859
4441,908
4442,3848
4443,6724
4444,3122
4445,5027
4446,1997
4447,8037
4448,5621
4449,6112
4450,4947
4451,6595
4452,3572
4453,7272
4454,6025
4455,3968
4456,5767
4457,6969
4458,3127
4459,1923
4460,3587
4461,532
4462,1223
4463,8792
4464,8326
4465,4949
4466,459
4467,5749
4468,7029
4469,7651
4470,440
4471,258
4472,1172
4473,6970
4474,2642
4475,8335
4476,4751
4477,7700
4478,4681
4479,2518
4480,5895
4481,2927
4482,4265
4483,4747
4484,7007
4485,1174
4486,5664
4487,1299
4488,4449
4489,3180
4490,1272
4491,5839
4492,8256
4493,3473
4494,8145
4495,3879
4496,3185
4497,6989
4498,763
4499,2496
4500,2620
4501,3506
4502,1101
4503,5544
4504,5499
4505,8878
4506,7066
4507,8602
4508,1162
4509,452
4510,1784
4511,4690
4512,3046
4513,428
4514,5330
4515,6087
4516,3992
4517,5342
4518,5904
4519,6276
4520,8815
4521,833
4522,7897
4523,633
4524,8525
4525,7695
4526,5353
4527,2384
4528,8660
4529,7183
4530,495
4531,1780
4532,2348
4533,1899
4534,7400
4535,8407
4536,7641
4537,8411
4538,5073
4539,7130
4540,3039
4541,2815
4542,204
4543,6233
4544,1995
4545,3728
4546,5474
4547,7079
4548,6547
4549,8762
4550,2831
4551,4025
4552,822
4553,4418
4554,4855
4555,2022
4556,4684
4557,3633
4558,3404
4559,8279
4560,3277
4561,2085
4562,7313
4563,7152
4564,1673
4565,6277
4566,1028
4567,2689
4568,8310
4569,1458
4570,4959
4571,4633
4572,4477
4573,584
4574,8375
4575,8471
4576,1285
4577,2820
4578,7426
4579,7121
4580,1290
4581,7187
4582,3511
4583,8004
4584,671
4585,8718
4586,4487
4587,1479
4588,2208
4589,2867
4590,7624
4591,4749
4592,5945
4593,6771
4594,7548
4595,8150
4596,3387
4597,710
4598,1418
4599,6918
4600,2272
4601,3983
4602,7840
4603,4266
4604,7849
4605,6591
4606,5904
4607,5375
4608,7918
4609,5307
4610,4794
4611,5285
4612,2948
4613,7711
4614,1021
4615,6194
4616,7406
4617,1748
4618,6026
4619,2989
4620,6370
4621,5531
4622,4511
4623,3132
4624,1478
4625,2714
4626,615
4627,5344
4628,349
4629,326
4630,1386
4631,7608
4632,4381
4633,1681
4634,5112
4635,1548
4636,8153
4637,2759
4638,1322
4639,7471
4640,8249
4641,8747
4642,909
4643,3713
4644,7184
4645,170
4646,4963
4647,1444
4648,5443
4649,7705
4650,4091
4651,5489
4652,808
4653,8799
4654,5270
4655,8750
4656,3391
4657,5340
4658,6180
4659,450
4660,3834
4661,859
4662,6050
4663,3518
4664,7207
4665,4785
4666,1144
4667,8192
4668,7085
4669,2354
4670,2024
4671,741
4672,1659
4673,5844
4674,2401
4675,4869
4676,4774
4677,1316
4678,4006
4679,213
4680,7812
4681,2151
4682,5542
4683,3477
4684,3326
4685,4242
4686,1928
4687,7378
4688,3933
4689,4659
4690,7355
4691,2059
4692,5602
4693,7320
4694,5704
4695,1045
4696,4818
4697,4469
4698,713
4699,3823
4700,3743
4701,5881
4702,2283
4703,8598
4704,1872
4705,7292
4706,92
4707,7473
4708,2451
4709,2621
4710,6214
4711,4535
4712,8505
4713,8216
4714,2988
4715,8396
4716,2812
4717,4835
4718,6105
4719,3357
4720,5127
4721,591
4722,5239
4723,2509
4724,4357
4725,4241
4726,1384
4727,6443
4728,1051
4729,3762
4730,64
4731,4390
4732,5564
4733,4068
4734,5952
